8171.30204617	-2119.44991859
9829.53862309	8430.65706023
9183.80981665	-7338.82276342
-4568.20092001	-7191.37865873
-5340.84429036	8078.76674542
4566.59838403	9874.29843090
-5361.41451607	9048.02435384
-7356.34602898	-622.99823737
-2566.72224827	-6292.80464661
1414.11109123	4698.26323325
2060.11269073	-462.46301103
2276.57273133	-8345.60151768
-5733.47949447	6851.22447912
-87.00945762	8267.26029962
405.85934303	8217.06791498
-5715.63418090	-4921.07697362
1296.68195894	2947.55513069
-3319.72211995	-6894.68023959
-1447.30492163	852.42945664
4938.25320349	-5855.39423338
178.12175902	-720.33859980
-4672.84554517	-7837.56079699
-6621.54066916	6264.21344119
-6653.24165422	744.33896459
4045.99863207	-8820.12823524
3932.25705060	-2212.86658294
-6009.52464771	-6796.12040834
6657.58171394	3067.47520718
221.29964295	9768.58197825
-9458.17750648	4536.08893171
-3643.03505914	-5776.36689238
4289.02866172	8289.61742403
2010.14492236	-4749.30382711
2307.70654847	746.91733283
4483.86470461	4669.66735821
7888.83308884	7718.56157964
6372.65244072	5282.55693326
9747.98655694	576.68001040
-2095.04508855	480.82665241
-1781.62170201	6966.80990753
3913.10336641	1270.99113337
3911.05628980	7073.53255759
-8369.06977832	-6253.56980284
3637.51823571	-7145.92746835
9195.88882112	9741.40084375
9121.48523036	1240.77885996
-2382.85710606	17.44987985
-1596.60451559	1951.90739993
3462.28764374	8249.38262969
1851.50708063	-9395.40911275
674.87492624	3524.17058322
9164.34585272	-6041.99635642
9516.53342672	-8205.82651361
-2745.38740083	-1229.31458065
6680.86374197	1606.76321996
5713.71699195	3006.18249606
4784.08943851	405.55384044
-1080.78849187	-2895.27700740
649.22047912	-5031.17905169
752.08671239	432.91605258
7160.75045545	-1108.05866215
6769.30772537	8827.39566301
1608.17249041	8288.03679862
-9946.31358395	6170.38029416
-6395.51904247	-8886.66086437
-3156.86669560	5273.91984475
3534.36353279	-7399.60564983
-3962.85032166	-3884.83852806
3837.93655923	2192.39327130
2725.55798727	-4481.86764742
-7553.85118372	-1689.49995345
1549.32926427	44.09050811
1320.51310055	-14.26539499
-4002.43455775	-2344.61129021
6597.70229879	-4150.02287519
5202.32211410	7360.52761593
5463.75139000	4547.86212180
9857.01658707	2090.25215511
-1230.70814406	-6438.79431311
-230.66236055	-9165.17100458
6486.25770351	9984.20222547
6319.83923621	971.95505022
2406.77403504	2620.71105349
2484.71699042	457.98018174
-3575.50773637	-2152.81704597
-2575.22349522	6610.74330158
-6420.28411890	-5463.25507834
-8055.47990857	9377.16584075
9156.90498732	1007.87788229
45.80014123	-7710.00817595
6953.30471243	-1724.31702221
-2489.06704196	-7236.18127943
7960.30110895	-8290.16071872
9817.21322219	3223.75294347
-5326.81546250	838.89940471
-41.04774682	-4866.79456872
7534.48486845	-4805.09188240
3565.06073212	9743.30128131
-3787.02015709	-2863.26649212
4784.06740004	-915.24751817
-1527.54159712	4611.86056037
3562.49393819	9846.60266024
3076.60548241	-5654.91818544
-1685.04798616	6587.32370969
5794.01912357	-1047.70907010
-6345.98470483	-8706.05389536
-1071.38493036	-9589.12197845
-3684.72071494	4723.43164204
6331.58011911	4714.91178178
-598.86113732	-6501.34765196
-351.52516220	2892.30105243
3450.20876654	-5876.80056029
-5055.36423068	4187.27359926
9955.06291394	-97.69502744
-7040.00666292	9190.17097383
8336.72388618	-9870.56557014
5024.48570337	5792.77728850
5094.28938371	3746.55483464
-9032.93053606	-5483.50573841
7423.75950556	672.04474861
3594.43847639	6341.15513249
-169.30507237	8716.61233646
-2162.62803980	2846.01824218
8380.44752872	-4027.59091456
-3021.67003209	-6660.83714100
-4136.91821184	-9744.55093847
5246.29877820	8078.45464188
-2271.48700162	-9748.91927214
9542.87878142	-8664.06470493
-2646.36220543	2865.36363782
1611.36556380	2952.00457399
7640.78822628	-8212.92412981
4498.38528634	-6948.23031901
-9661.14244020	-9528.60442069
-5301.97619973	1618.62691172
2549.35204022	-1265.70518617
-5880.12641824	-1474.97061711
8877.45333564	-3787.75464303
5982.13086495	2041.98247029
-8097.24598304	2847.65926959
-5573.57692089	6545.70977687
6636.40605566	209.81097144
-1118.14816434	-6698.77322491
8717.39193335	2839.28054517
7918.51963225	4622.11599329
-3006.69223946	396.35140882
1904.82213752	-4114.18218182
-3556.66033807	-945.91354035
6303.06511126	-8245.77712413
-5829.00512765	7818.18293057
6943.34853538	-2446.23823721
-2905.69095850	5366.62534781
-7762.82166099	-564.82590446
9300.15397439	-3227.93390208
-8729.11312662	8060.06385629
-8205.56250028	-8857.19250898
724.53741859	4712.94486985
-1282.48707788	-1372.22029511
6952.68433145	-6405.69789912
-612.87538692	-5623.36649003
-9977.72172630	9145.38345390
-7543.55885222	-6981.74176837
9328.34959993	-2626.57532162
3299.40986158	-5861.77271940
-9238.20901151	-829.71823147
4583.36501500	-4479.09522197
9089.89622085	2538.44899812
399.41616444	-433.56581930
-7639.04954359	6026.57260089
2918.34257584	805.60369668
170.60876181	-4663.00825866
-8069.69309332	2030.56062548
-940.65664045	92.09079871
5212.05879233	-3904.72960625
-6541.71040554	7182.79897852
-3376.26362200	-8344.22387270
-3982.48053760	-9696.97071945
9934.77576370	9901.37249690
9240.90705975	9558.09320287
-2337.15104718	-1329.76737094
-6776.66416296	7918.36208544
6112.04049846	-3832.89432179
8383.22360577	8051.15925060
-1302.20451435	-7137.94687313
-223.05333460	-4260.60447759
-6835.41114564	6662.89808901
-9326.59172051	269.30881633
5051.07060702	7068.50559829
6172.71143961	-4432.99097457
-4107.53651023	-9448.06466714
9264.74256635	5398.60546148
-6657.04285404	-8758.13130423
-1729.52577132	-5923.95362516
-4462.99425392	-2459.03111589
-1627.95511533	1028.81523796
-3414.66217794	-8294.79718191
5489.85688543	-2443.33103653
1122.18406970	2963.30859060
-3421.75007189	6596.95956153
409.75001102	-9137.94389711
7216.37006121	-1152.28206661
-1505.99882302	-4316.48250614
-9693.83642884	7764.24764541
-6683.40729185	-3919.70864065
-788.72056791	-1821.30307829
6286.52280533	2852.65117525
9867.78937403	-868.33860388
88.99548285	-8832.45260335
5583.18639313	-9375.11772941
-9591.60826023	-6114.31432817
-9795.19256014	-4914.95000736
-5829.41674664	-6710.52243250
-254.76324215	-1135.79089929
786.02123013	5680.98816871
1069.56881065	3747.23357361
-4540.63958243	3758.92330268
8021.23314334	6787.85907029
9440.34074140	-1173.93651111
4622.53155704	-4530.31733908
2923.74123974	846.67678956
6253.37080846	-4698.76006570
4696.60656698	-1340.97747543
-8904.62942648	-7514.90110497
-319.62649145	-7431.29868001
-5927.42554942	2811.16158025
7263.89666470	-6901.72697510
5176.86147888	918.49601429
-5209.13270785	-6655.42254423
8842.91326262	1004.01524854
-4917.76319684	4481.63725007
-5715.66052008	1115.21167269
-3415.39479038	-2518.22333225
8964.01555753	-7766.32709957
3185.37437220	-8982.31761828
6120.73083390	6350.40039221
5930.71945145	-8021.80414492
1982.84466828	-1186.37019499
-3021.93770577	773.13843371
3331.66792245	-1602.74615335
-1855.98052158	-4512.23878954
2801.41684067	1803.32397019
-7324.01900010	-8424.66710078
6092.76324913	5191.35205308
-4244.19070122	-6615.48086422
518.75185898	-797.35873848
-8655.82946596	5694.27910853
-6295.73406825	4506.51765396
4613.60184792	2769.43404229
3292.25758766	6127.08127971
6620.21516369	-5141.81369514
9089.82713916	-2302.33266997
-8985.85860524	-3017.00091218
-8068.99100424	-5900.56857496
-4112.51974696	8033.34552402
2684.56572263	-1899.98358406
-5755.89870882	-8703.25486075
-9818.76397714	-263.10982615
-11.81027297	-9188.58075629
-5143.77304518	-3478.96452154
-5508.98216207	5246.75265789
-7391.03018136	-3523.33600667
-2253.25728893	5674.75496179
1902.67194065	9155.93454062
5192.62930680	3711.02352440
3014.33467758	8573.34292796
-8378.56263986	-5860.60964459
-6681.58853950	923.68059234
750.92177147	3974.74260425
-2215.59736473	-8130.82038390
-6349.77276662	3389.75373757
4935.57961659	6071.07963549
1147.76126404	-7199.44346225
7783.50559044	5582.53255595
5279.79627841	9500.61325689
-1319.80314621	5377.33225142
-38.68846382	-1654.34112969
-2002.05301185	-1353.91485635
-685.60441807	958.06902145
-4465.02304716	-4304.97130982
-9533.03011480	2470.89641047
-6694.45795385	4243.05644508
5077.97530642	5584.11106834
-2756.38178088	-8510.10856318
-5856.45074833	8765.31379783
-9139.93721094	9031.26300704
-4763.55193005	5965.02596423
5499.45892445	2692.37428200
-7997.99996300	6016.64315008
-820.78363618	-4618.00403625
-5082.19169245	3825.39407680
-7954.44601792	635.33185415
-7897.24757003	3776.18320347
-323.34238772	9400.91966476
-8062.47342081	7901.41119086
2059.36805484	-1624.34923510
-6249.26707224	-1728.89042228
3589.14484006	2394.80375229
-5440.77755643	-1837.61176535
675.64424453	-8575.54241823
-178.64088170	1454.28876162
1025.34158992	-5819.52603415
-6447.83782713	-7405.59344231
1600.29042519	-4922.61517265
4607.62649214	6973.15819040
4867.30232437	-8166.28803771
2209.79363352	5293.61088913
-8018.72511888	-6374.91457466
5143.71228040	-2233.59791940
9540.35314891	9642.95647352
-6977.17177894	9513.20967853
-5094.75417194	6228.42257070
-671.04414035	5352.46243458
-3896.24174628	775.69865423
-4580.92082690	6724.96027238
-5043.80719264	8695.04335519
-9279.00636972	2395.47395684
-9108.71783006	-9980.93070611
6977.16118894	-886.94077820
3585.05314274	7611.14139205
-3693.28956076	-3807.15413155
1110.80172631	-7694.20000926
-8074.98112456	8534.52685252
1240.31484718	5234.20525550
-9331.86798620	4559.39517563
-4330.99140820	-1790.49727868
-3387.16751849	-1081.35241326
9036.23511923	1195.39641355
-113.16770954	-5830.19263006
7138.54200922	7465.10095551
2738.04040276	-7490.11938948
-4884.54275298	8864.19898625
6872.20408467	4473.11362059
7862.51805925	-1204.61417852
-2190.95837116	-4083.92314279
6390.34772927	-7601.98403693
2727.26658487	-1175.46146102
-170.29286670	-5002.15898322
5782.64713720	-8299.81491112
9092.12956077	-8589.25070387
553.83347714	6348.52380869
7217.06862891	-3461.27702150
8671.73807189	-5381.61484063
7250.24601057	7013.24043165
2526.74372202	-2394.03873001
9838.30380697	-6999.50405051
-6832.59088750	436.69728392
5163.14882268	-6884.50814256
-5068.05156186	-2584.87597501
2482.57674183	-3776.48067042
-5484.39357546	9583.72922407
-5310.96664289	-3349.48744425
-941.87551204	8835.94744126
4100.08487924	927.97389730
7855.58469965	9915.72151778
-5577.91225308	6901.93599296
1515.05146108	5814.02942570
-4001.75622634	-9776.73263283
9588.97297278	-5991.39045209
2109.21208146	9965.30607976
5565.82229464	716.66356536
-8153.82639582	9811.64610813
7316.82337396	785.63141611
9756.25547037	-3342.18445428
1904.53591503	6686.68091334
5576.69091251	-5655.26654905
-1291.12326980	-6303.19625226
3043.66506646	-8577.21303076
-6686.87082887	3972.90982414
-9338.06659357	3364.28141528
8553.40440004	3418.71316103
-9665.77133174	-3550.00993002
-3149.93380992	-9729.30978007
-5413.86447945	7935.83074464
-143.86792670	-9125.91135999
1062.60375283	586.29382093
-7946.99411038	6770.73811066
-9850.85742448	1487.87465725
8072.71500163	-3705.43764606
4385.98699288	9489.59456812
2656.88060758	-9971.53335022
-9147.66165198	1568.56702001
6773.56927846	1127.17556078
-195.65011945	-6711.83418366
2199.14395564	6484.07446477
4186.33276775	3907.85272129
-6833.09184655	9429.37800470
-5967.70925092	1411.93124469
8999.28403607	3746.51937760
7185.63609205	-7782.28615717
4184.47718918	-5240.40728759
7068.85760982	-374.61423035
7975.53794279	7321.59911152
1319.01762694	-1274.46712834
1242.31964523	2189.69395328
-6775.69620171	-8176.99875188
2512.46316655	-5763.97104289
5225.39055405	-6491.83956981
2997.26440668	7850.26696885
4274.17092326	4203.40726368
4604.85773280	5761.27812072
974.62254185	-6193.31223636
8364.85561318	3710.07479462
8324.93253505	-765.93076002
4898.08930282	-5829.44407455
-9596.76233325	-5460.92301012
-8875.91023008	1158.67335378
-950.26616373	8399.77000832
173.96270308	8196.86090888
-7306.32508855	8705.38948387
-7138.13910379	-5771.81481467
3913.32060910	3796.45677756
6208.99650219	822.58303433
4840.08090232	-3130.15902837
-5288.18776064	-7527.92460266
404.52046824	5492.68471599
7856.20235670	-4492.57720522
-8051.30357696	-4140.70125587
3635.03116431	2078.13235905
1890.89570520	-4653.82428466
-5713.57344333	3708.33250801
3462.99346230	-3081.86297316
392.24612685	7354.22955133
-8654.83180315	-3532.92111432
-2306.76262617	-4461.19590405
-7876.41820002	-8143.59206080
-3568.79446926	-2989.96478585
8631.85287959	-7222.61163987
-8892.15898591	8758.19090296
-6912.94651435	7759.71462745
-2073.00989972	3445.86133264
7734.58285759	-107.62318081
-8892.16875344	6010.30423414
228.26339331	-1851.85283071
-6053.21566619	4827.27285695
4800.59956120	-6786.43306535
-7448.46331554	-4241.82589485
1001.98787719	-4973.17682406
-2216.01952338	-6584.57576841
5877.42993561	-6768.65687826
9064.52584122	-3017.05636564
-8745.48253203	-3303.86774701
-726.41716421	-1855.37411669
-5287.60118463	-4995.57989625
8119.23091659	-1942.72274199
4472.91776366	765.81844412
382.02661606	4040.08744011
8787.41325553	4803.39980066
7309.14847535	4686.36290053
6971.31922842	7040.35630295
940.14605596	-218.06441256
-9290.33833940	6805.57690871
-3884.97799002	-6855.71543015
9412.91109050	-4219.98786925
-1224.62399086	-1964.83748613
-4328.20801955	-5373.41983828
7255.25233114	-4853.21594141
-2296.23321499	5303.93948575
-8053.14849182	-1061.32533361
4806.44544935	-8225.10949073
-9198.42023229	-4357.44108378
-9032.14803129	4893.96603795
3078.67537027	-7345.64801455
4641.54904887	-8479.42096335
-7066.83317462	8167.47997375
-9454.93801025	3606.17655834
5869.83108390	9688.73310072
1738.82173100	-6000.08179834
7883.06357076	8288.22738638
7184.72255716	2603.08752192
2479.86071661	7873.11584851
3276.63025565	9667.94160054
6607.53172286	3446.56353109
7786.66000284	8248.33572695
-7270.00894382	-357.37781251
3808.91693453	-5894.98649999
3780.49134868	-7047.08272315
-377.73406806	576.76476381
-6236.27999371	-2803.72665074
8789.20770278	9305.52701416
3851.89971795	-6790.07674979
-6289.62088030	7373.78876286
-4281.51004724	8880.35234599
4632.10892854	-79.05273859
3527.52082480	1346.70766661
3435.61574515	2742.20795949
-8375.89387904	9319.09523709
2042.05811927	2832.06624033
6416.49330711	3575.55713851
2510.90012525	-2806.24692694
7981.69977802	6617.82328846
8022.66427009	2562.17110128
3937.38604635	8491.38529462
-1631.53715034	2769.54177088
2505.55299327	-6269.99935974
-4446.12299765	7543.61470707
9375.11522724	8896.39079905
7474.20507785	1545.35214004
-687.15543324	-9184.92328816
9406.30146220	7869.56415715
-8997.02618253	9218.53165537
-1163.71287755	817.71153468
6479.76342977	2319.40330497
4307.91834219	-5508.73293000
-3896.32507047	3132.92502382
-9621.99839822	8327.09006789
3390.56980777	4009.97644306
3497.12475787	-2031.80045825
7772.91608807	2943.76436488
8564.42417812	-8337.77397067
-9929.50555437	8706.71220127
-7141.08179266	-8359.42606733
-4366.08781770	-8942.79231416
-7095.96395021	-9699.06121545
4985.78368032	6882.96370234
-7265.72332842	-3784.16525784
-6886.75265068	9871.97538593
-1574.43589720	5773.91343807
864.28272581	3908.66311043
8051.43619750	2976.42443958
-9930.81150070	-820.64209174
-9686.03396846	6583.77102566
3084.84488249	1641.80723398
-9392.55544266	4542.11005168
-1439.21245031	3105.66105942
-9564.26548306	4840.93700524
7581.73724394	7300.96130405
-8832.63591331	9988.86487093
3256.77483135	-7803.95839526
9796.54024883	3112.39615605
-2656.29071340	7543.42022268
-5262.71550917	-4793.56669387
7103.56186451	-9782.72938727
-1420.67321185	-3983.36901584
3520.75224987	4684.65294211
9284.55441861	1507.73193261
6546.05276067	-8641.57638373
-5166.68231762	1530.02024172
-6028.98343521	-5524.04814813
-1823.69755890	5488.28822865
-4640.14022006	-1360.55735433
8373.90823430	8408.47028178
-9620.05872983	3343.85511122
-7489.43373630	-6917.35887548
4453.08882854	-9223.78956212
-5336.70043452	-3441.31597524
5400.97378863	-8842.28172744
2530.43298036	8126.01774864
-192.65684291	-4687.29908343
9078.43049477	8586.25504434
-6542.99419804	1051.61180462
-3667.86171705	-8333.99971372
4781.34733227	5234.19389231
2573.68503575	-7896.70775491
2386.59171147	1219.56477967
-9824.57913945	7470.38686565
3402.25737655	3716.59637831
9850.01525315	3939.97649307
-7886.38918162	7434.44672667
3432.61781053	3339.10570464
-100.66363888	2088.78117624
4005.65646495	610.55946853
-5498.16974480	5213.99801729
-4095.84535277	5988.22397276
-6069.31779664	938.11064384
502.28399228	7691.31575952
-8482.24935224	8067.48401771
-1060.30371791	320.97258265
7981.19058443	3184.01662475
7501.53269252	-7340.12087331
7319.42230574	4094.00571787
7324.98075166	3167.18002936
-772.95524979	7689.31038484
3092.31125018	3472.04320873