-0.98853182	0.01999867
-0.98329017	0.08285150
-0.97707459	0.14537617
-0.96989123	0.20732501
-0.96174721	0.26845264
-0.95265058	0.32851693
-0.94261037	0.38727999
-0.93163652	0.44450904
-0.91973989	0.49997741
-0.90693228	0.55346538
-0.89322636	0.60476110
-0.87863571	0.65366138
-0.86317478	0.69997253
-0.84685890	0.74351111
-0.82970421	0.78410468
-0.81172770	0.82159243
-0.79294720	0.85582588
-0.77338129	0.88666944
-0.75304935	0.91400093
-0.73197154	0.93771210
-0.71016871	0.95770902
-0.68766247	0.97391249
-0.66447511	0.98625833
-0.64062960	0.99469763
-0.61614955	0.99919697
-0.59105921	0.99973853
-0.56538344	0.99632016
-0.53914767	0.98895540
-0.51237787	0.97767342
-0.48510057	0.96251891
-0.45734279	0.94355190
-0.42913201	0.92084752
-0.40049619	0.89449569
-0.37146368	0.86460079
-0.34206324	0.83128124
-0.31232399	0.79466902
-0.28227539	0.75490913
-0.25194719	0.71215908
-0.22136945	0.66658820
-0.19057245	0.61837698
-0.15958668	0.56771639
-0.12844285	0.51480710
-0.09717179	0.45985868
-0.06580449	0.40308877
-0.03437201	0.34472224
-0.00290548	0.28499028
0.02856392	0.22412948
0.06000503	0.16238091
0.09138671	0.09998916
0.12267787	0.03720135
0.15384752	-0.02573381
0.18486478	-0.08856703
0.21569894	-0.15104945
0.24631945	-0.21293357
0.27669599	-0.27397426
0.30679846	-0.33392975
0.33659705	-0.39256256
0.36606225	-0.44964044
0.39516487	-0.50493731
0.42387608	-0.55823414
0.45216745	-0.60931983
0.48001095	-0.65799202
0.50737901	-0.70405793
0.53424452	-0.74733509
0.56058087	-0.78765208
0.58636196	-0.82484921
0.61156228	-0.85877915
0.63615685	-0.88930748
0.66012131	-0.91631331
0.68343194	-0.93968965
0.70606563	-0.95934391
0.72799998	-0.97519824
0.74921325	-0.98718985
0.76968443	-0.99527123
0.78939326	-0.99941038
0.80832020	-0.99959091
0.82644651	-0.99581208
0.84375424	-0.98808888
0.86022624	-0.97645190
0.87584619	-0.96094722
0.89059864	-0.94163627
0.90446895	-0.91859553
0.91744341	-0.89191626
0.92950914	-0.86170415
0.94065422	-0.82807885
0.95086758	-0.79117357
0.96013913	-0.75113447
0.96845967	-0.70812016
0.97582096	-0.66230101
0.98221572	-0.61385851
0.98763760	-0.56298453
0.99208125	-0.50988059
0.99554225	-0.45475704
0.99801718	-0.39783221
0.99950359	-0.33933158
1.00000000	-0.27948687
0.99950593	-0.21853512
0.99802185	-0.15671776
0.99554926	-0.09427965
0.99209058	-0.03146810
0.98764925	0.03146810
0.98222967	0.09427965
0.97583721	0.15671776
0.96847819	0.21853512
0.96015990	0.27948687
0.95089059	0.33933158
0.94067944	0.39783221
0.92953655	0.45475704
0.91747298	0.50988059
0.90450065	0.56298453
0.89063244	0.61385851
0.87588206	0.66230101
0.86026413	0.70812016
0.84379413	0.75113447
0.82648836	0.79117357
0.80836396	0.82807885
0.78943889	0.86170415
0.76973189	0.89191626
0.74926248	0.91859553
0.72805093	0.94163627
0.70611827	0.96094722
0.68348620	0.97645190
0.66017714	0.98808888
0.63621420	0.99581208
0.61162109	0.99959091
0.58642217	0.99941038
0.56064242	0.99527123
0.53430735	0.98718985
0.50744306	0.97519824
0.48007616	0.95934391
0.45223375	0.93968965
0.42394340	0.91631331
0.39523315	0.88930748
0.36613142	0.85877915
0.33666704	0.82484921
0.30686920	0.78765208
0.27676741	0.74733509
0.24639149	0.70405793
0.21577152	0.65799202
0.18493783	0.60931983
0.15392096	0.55823414
0.12275163	0.50493731
0.09146073	0.44964044
0.06007923	0.39256256
0.02863822	0.33392975
-0.00283115	0.27397426
-0.03429772	0.21293357
-0.06573032	0.15104945
-0.09709781	0.08856703
-0.12836913	0.02573381
-0.15951330	-0.03720135
-0.19049948	-0.09998916
-0.22129697	-0.16238091
-0.25187526	-0.22412948
-0.28220408	-0.28499028
-0.31225338	-0.34472224
-0.34199339	-0.40308877
-0.37139467	-0.45985868
-0.40042808	-0.51480710
-0.42906488	-0.56771639
-0.45727669	-0.61837698
-0.48503557	-0.66658820
-0.51231404	-0.71215908
-0.53908506	-0.75490913
-0.56532213	-0.79466902
-0.59099926	-0.83128124
-0.61609100	-0.86460079
-0.64057252	-0.89449569
-0.66441956	-0.92084752
-0.68760850	-0.94355190
-0.71011638	-0.96251891
-0.73192089	-0.97767342
-0.75300045	-0.98895540
-0.77333417	-0.99632016
-0.79290191	-0.99973853
-0.81168429	-0.99919697
-0.82966271	-0.99469763
-0.84681936	-0.98625833
-0.86313725	-0.97391249
-0.87860022	-0.95770902
-0.89319294	-0.93771210
-0.90690096	-0.91400093
-0.91971072	-0.88666944
-0.93160951	-0.85582588
-0.94258555	-0.82159243
-0.95262798	-0.78410468
-0.96172684	-0.74351111
-0.96987313	-0.69997253
-0.97705877	-0.65366138
-0.98327664	-0.60476110
-0.98852059	-0.55346538
-0.99278543	-0.49997741
-0.99606693	-0.44450904
-0.99836183	-0.38727999
-0.99966787	-0.32851693
-0.99998376	-0.26845264
-0.99930917	-0.20732501
-0.99764478	-0.14537617
-0.99499224	-0.08285150
-0.99135417	-0.01999867