-2149.75404872	-9334.11374773
1078.59098680	1114.04697408
-9238.97365586	2631.30397309
9779.21091447	-6316.33904115
9122.89316279	6495.43702340
-755.94044652	1753.06800901
-6658.30004940	-3275.41163761
-5596.96461905	9359.19402695
-3643.89761458	1489.09546268
6503.81611180	-7812.48572343
2831.31307672	6086.31126504
8328.82997036	-8030.69886961
-8814.01787247	-5443.34723159
-2028.58375902	-562.81191760
8083.43012481	3444.26233218
5302.01127990	5946.00305353
-6184.66105599	-3650.40980519
-2789.12217758	2637.94443086
-7850.22260113	8867.81785063
3123.37125214	5738.40814646
-3064.49336987	-6955.35330974
-3175.37276178	-6401.96720250
3069.48327479	7918.59099856
9288.06457233	1824.84934239
-755.42380440	7939.77964762
107.20740034	-7004.02628161
-5459.39425129	4094.66420272
-8370.77414284	993.91597341
-4532.56838691	-2002.25527332
-8398.56452812	4960.61771519
-6374.87495404	-1219.58477465
-9387.22490314	5758.65941402
154.45896336	-4529.83702088
9503.42981350	-9688.56929665
9126.44846368	1415.49748777
-6205.19232524	1477.83147481
7835.54861220	-9913.09504568
-4656.38696412	6465.78286865
-7759.20204411	-5435.12761373
7649.78205795	9820.33722146
6298.11785465	4495.31068029
-6107.21201240	-8957.66376373
5797.12476076	5606.44348750
-7646.75662606	3538.29476032
-8425.37237288	-9745.07587128
7318.93257722	-1277.08448647
-2794.25321091	-1331.85030841
-156.51545108	-6288.63993071
-7570.41557597	-3914.53867554
-360.45211035	-7791.96240817
9125.17144826	-4568.81831297
2933.46678904	-7148.64806700
-9393.54867791	3837.85280724
-2394.12571610	6754.48382732
-8290.43410567	5013.81295574
-2493.00678604	8321.78650148
6427.16871269	-2282.08402781
5309.82032413	-9219.12030303
7865.69803739	235.01586842
-1345.41154160	2441.64436577
-2984.37270318	3111.95899537
-6778.14501500	-1246.24208447
-5552.57901207	4107.53026819
-8581.27391032	-9161.03049962
-125.40629672	6115.70768243
-1814.51171703	2660.15333237
2843.00047185	-8690.87819024
1571.25590069	-8392.80197507
-8330.78235203	-3725.67571610
3334.11210117	-5917.19190967
-1934.84422405	813.87043823
1630.26191169	-1870.01991334
1972.12375790	-1201.20347313
-4299.79452175	4609.71853473
2587.89873992	509.18095104
-5378.64466719	7928.08052126
6261.65947030	6594.37869123
-988.57039070	8586.58351553
363.58452054	-6660.55031868
6536.82275096	8948.43932830
-1523.37816547	7515.99300312
2884.84858162	1390.61917556
5072.33826023	-6764.41073869
1294.72125967	-8260.21869076
-274.36975487	-8762.36434282
-6645.65292261	-6385.61125531
-8129.67659393	7963.04462959
-7485.14101329	-7161.76858460
3655.78754018	-1795.68697843
-5744.26122810	2063.46828990
7344.20712732	-9154.82236368
5112.89153173	-323.46573698
1179.39280165	-1018.68708145
-798.63483319	6579.26303942
5010.01912344	-3264.85164314
-2314.32836908	8268.45977943
-3117.49733160	-6488.71430027
-1167.91755060	9518.85949722
-4785.89395549	-2356.21061451
4116.32208182	-4161.54596425
5366.81548265	6229.23296991
9385.02570318	-8706.19979550
6347.47230695	-3984.88834296
6750.02318024	-3960.49074942
6988.76660764	-1063.43254621
-7521.73823587	-1493.45626539
-3218.57335119	6226.28306952
-2245.79156904	-9001.60506676
-8694.78163996	7603.28518245
5933.55856799	2345.11425775
-9223.94276105	7626.44365348
4210.32825949	-6908.25007618
-2839.84098374	1437.31564858
-9252.18923127	2763.74541996
9954.89289332	-3006.95520486
-1961.29439564	385.24966220
-329.50075571	2642.82653468
7109.22180562	1172.90150954
5206.46081348	-1561.13302433
7784.84403694	-7822.84256748
6662.08467268	1286.53342663
7775.98060643	7295.65294967
7302.23750820	6758.38101034
6228.78406298	-8504.00155375
1587.48431614	7426.29717821
6342.42727588	-1296.21137910
2371.52982908	2576.35304015
-4743.57459985	-3332.60850230
-503.70677751	-9499.71769310
8146.37163488	3745.25476824
-9737.89751856	3924.22488810
-3615.74210921	-9918.32374941
-7824.19312176	6982.86367433
5642.36594789	9761.21758908
-5981.81468018	-1873.65361046
-8866.99406818	-6271.92491852
9643.93884522	5083.87377333
-9279.66138302	-2775.92224309
-5917.16361142	5503.82333664
-5002.65441279	861.97766061
6975.04223863	-3779.43626274
2736.24581063	-5136.28622227
2480.48867966	7049.97571596
-1467.08819695	-8816.23817851
-8423.21625157	-9364.59609556
2409.10435731	1806.34721383
-3212.48545159	-2135.66152828
-7143.52556497	5929.53769548
4493.15249654	9719.14833870
-4665.92414414	2917.42626487
-192.41534954	500.71901839
-7664.87415854	7644.52120707
1961.62435724	-4708.59245484
-7495.86757360	-5346.83499214
-1750.82600791	-4144.17765765
4189.46119031	6461.68154980
7574.69397928	-6531.19106616
-3240.37193375	-694.05556290
8255.63373089	-2500.55432986
3986.54231545	-6386.04283812
-3585.11149599	5589.43541582
1483.39168353	-4492.59515022
-6325.32941352	-2823.87000098
1049.29257455	2721.17808208
-9289.06839264	7125.52195916
-5928.73862909	-8239.97937486
1643.28844882	1175.25328241
-3451.45429416	-1856.47762307
-7012.18039863	-6068.60045123
2061.43518598	7603.13584162
4554.73955110	-6388.12982154
-7349.41949226	5525.64320660
6605.29997590	5557.15029660
-8549.22186227	4125.64555625
-8633.74932134	-2914.84889492
-9141.70932001	7355.10740358
-6157.80704823	655.25745669
-3769.84109279	-3155.30774318
-889.87799705	5163.82450770
7805.24432056	-4829.83729170
739.44070702	7958.88433918
-3063.09373156	1026.29591403
-4104.75787672	6746.74702762
-5070.38139469	-5627.29677175
6306.23615178	-1855.30036400
2895.26200084	6677.72632389
-6157.57076239	-4497.66337382
-239.82950052	-2449.83307021
-9548.84179206	-8510.68410958
-7997.63861268	-2829.49082199
6422.08960167	-1414.11525051
-575.65531446	1830.32723860
-4852.26313031	-9434.88720859
5921.15344712	3768.56211208
-958.08631127	5762.29108603
-5841.38059397	7599.41245221
3742.52911869	-3357.61249346
4770.35142940	5535.32769713
-9004.17756474	1684.75992161
3726.36491150	7676.39443567
6600.39983865	-4805.56598902
-7695.73724252	-8894.81399666
5019.04222117	-7829.51937341