INSTRUCTIONS:
to run 2d:
    billiards.py m n px py qx qy

for 3d:
    3d m n o

location of p, q, r, s would need to be changed manually if necessary, defaults are
p=[0, 4, 0], q=[0, 4, 3], r=[5, 0, 0], s=[5, 0, 3]


SAMPLE:
In: billiards.py 50 41 25 0 25 50

Out:  (also draws a picture)
(41.0, 41.0)
(50.0, 32.0)
(18.0, 0.0)
(0.0, 18.0)
(23.000000000000004, 41.0)
(50.0, 14.000000000000007)
(36.0, 0.0)
(0.0, 36.00000000000002)
(4.999999999999976, 41.0)
(45.99999999999996, 0.0)
(50.0, 4.00000000000005)
(13.000000000000114, 41.0)
(0.0, 27.999999999999865)
(27.99999999999982, 0.0)
(50.0, 22.000000000000217)
(31.000000000000245, 41.0)
(0.0, 9.999999999999707)
(9.999999999999694, 0.0)
(50.0, 40.000000000000355)
(49.00000000000036, 41.0)
(8.000000000000654, 0.0)
(0.0, 8.000000000000712)
(32.99999999999905, 41.0)
(50.0, 23.999999999998924)
(26.00000000000125, 0.0)
(0.0, 26.000000000001435)
(14.999999999998456, 41.0)
(50.0, 5.999999999998195)
(44.00000000000185, 0.0)
(3.0000000000021374, 41.0)
(0.0, 37.99999999999784)
(37.99999999999754, 0.0)
(50.0, 12.00000000000255)
(21.000000000002775, 41.0)
(0.0, 19.999999999997062)
(19.99999999999691, 0.0)
(50.0, 30.000000000003315)
(39.000000000003396, 41.0)
(0.0, 1.9999999999963127)
(1.999999999996291, 0.0)
(42.99999999999585, 41.0)
(50.0, 33.99999999999577)
(16.000000000004604, 0.0)
(0.0, 16.00000000000478)
(24.999999999994948, 41.0)
(50.0, 15.999999999994674)
(34.0000000000055, 0.0)
(0.0, 34.00000000000587)
(6.999999999994055, 41.0)
(47.99999999999361, 0.0)
(50.0, 2.000000000006409)
(11.000000000006827, 41.0)
(0.0, 29.999999999993054)
(29.999999999992728, 0.0)
(50.0, 20.00000000000749)
(29.000000000007713, 41.0)
(0.0, 11.999999999991976)
(11.99999999999185, 0.0)
(50.0, 38.000000000008555)
(47.00000000000858, 41.0)
(6.000000000008967, 0.0)
(0.0, 6.000000000009023)
(34.99999999999065, 41.0)
(50.0, 25.999999999990514)
(24.000000000009713, 0.0)
(0.0, 24.000000000009923)
(16.999999999989928, 41.0)
(50.0, 7.999999999989633)
(42.00000000001044, 0.0)
(1.0000000000107994, 41.0)
(0.0, 39.99999999998919)
(39.99999999998888, 0.0)
(50.0, 10.000000000011202)
(19.000000000011458, 41.0)
(0.0, 21.99999999998839)
(21.99999999998822, 0.0)
(50.0, 28.000000000011994)
(37.00000000001209, 41.0)
(0.0, 3.99999999998762)
(3.999999999987587, 0.0)
(44.99999999998724, 41.0)
(50.0, 35.999999999987196)
(14.000000000013117, 0.0)
(0.0, 14.000000000013237)
(26.999999999986528, 41.0)
(50.0, 17.99999999998633)
(32.00000000001383, 0.0)
(0.0, 32.000000000014104)
(8.999999999985816, 41.0)
(50.0, -1.453770437365165e-11)
42